fbc454      12      35
b71bfd      23      49
835fb0      21      58
0f59c2      18      51
23b873      27      35
3ebfe7      21      44
a0ca1b      15      48
0e1fdc      14      40
509ce6      15      54
42d6fa      20      37
487ceb      24      45
1f7532      16      56
c339ea      21      58
9ca5b2      18      44
38fbf4      15      43
f0df60      24      54
004164      15      33
1cdec9      13      47
1c054e      10      42
d2f3a6      26      57
ce7731      26      56
5fdf7f      24      51
269f39      23      54
29a1ab      21      56
ad2279      18      57
7e5bee      23      56
952e99      27      48
8a7a99      12      56
e7482c      16      46
1f620a      10      45
a06362      24      48
4ca036      20      50
1e15b9      14      43
a2af11      20      37
594196      25      40
7114c4      18      31
d47692      15      35
b5ebdc      20      52
fe4297      22      53
3470dd      19      55
505300      23      36
67cbea      14      37
7a3bda      18      40
b5ed95      25      36
487e53      17      30
a9c3e8      11      49
ce1dca      12      53
7fa978      16      49
453990      11      57
cb283e      18      55
ceb3dd      12      41
5f7edf      17      44
2ae7f8      10      31
cdf64d      22      46
e572bc      10      30
cd0e94      23      58
bec9b2      17      35
acb2ec      29      29
b5f6f1      20      58
e52236      19      46
c4e16f      27      41
06f6cc      13      42
61d279      16      53
a49b72      24      51
60d634      28      35
20b1cd      17      29
cac73d      21      42
ec1f75      18      35
e47fc9      21      30
c735f9      27      50
10fc42      19      48
090d24      24      39
4edd5e      11      57
8c092b      18      39
0f5e9a      29      44
b32401      17      42
f134e9      17      46
442489      11      29
502f64      21      31
46c5dd      23      32
39925c      21      40
eb7e6f      28      34
fc0765      13      35
b4302b      17      40
696c21      15      36
c32ddd      16      44
de2806      19      35
e23d82      29      56
509a8f      21      37
406488      14      43
0a8343      23      29
f7ecd6      13      37
d067bc      17      54
301bb9      28      33
95515d      21      31
4dc9cf      11      45
317857      20      52
333675      19      31
a409cd      25      52
0d75bd      12      54
1cba01      28      46
5266ae      26      33
15a4d9      26      45
2de1c0      21      37
3f29c4      12      54
ed2883      19      51
917f3b      14      45
c0916e      15      33
f7069c      12      46
bd862f      10      33
e4b841      23      34
efd229      20      33
6c6dbe      17      55
1ba343      20      43
c56568      22      29
766175      22      35
91d280      18      52
e69ad5      11      34
800134      23      47
7edb70      15      44
73469c      24      52
1a3523      23      39
2be560      24      35
3ef13c      22      41
44aaaf      19      37
f69ae0      12      30
54ba2a      22      36
25c38a      28      36
819fa5      11      48
60e9c0      27      46
d4a1ca      13      30
0c4c91      22      57
bd5b7c      28      58
c16557      18      50
2e91dc      21      41
a8db98      10      52
d0ad0b      20      30
931c6a      10      30
27a94f      20      43
